0 3792.72
1 3792.72
2 3792.72
3 3792.72
4 3792.72
5 3792.72
6 3792.72
7 3792.72
0 252.848
1 252.848
2 252.848
3 252.848
4 252.848
5 252.848
6 252.848
7 252.848
8 252.848
0 252.848
1 252.848
2 252.848
3 252.848
4 252.848
5 252.848
6 252.848
7 252.848
8 252.848
0 252.848
1 252.848
2 252.848
3 252.848
4 252.848
5 252.848
6 252.848
7 252.848
8 252.848
0 252.848
1 252.848
2 252.848
3 252.848
4 252.848
5 252.848
6 252.848
7 252.848
8 252.848
0 252.848
1 252.848
2 252.848
3 252.848
4 252.848
5 252.848
6 252.848
7 252.848
8 252.848
0 252.848
1 252.848
2 252.848
3 252.848
4 252.848
5 252.848
6 252.848
7 252.848
8 252.848
0 252.848
1 252.848
2 252.848
3 252.848
4 252.848
5 252.848
6 252.848
7 252.848
8 252.848
0 25.2848
1 25.2848
2 25.2848
3 25.2848
4 25.2848
5 25.2848
6 25.2848
7 25.2848
8 25.2848
9 25.2848
10 25.2848
11 25.2848
